TABLE NO.     1: NUTS Bayesian Analysis: Problem=1 Subproblem=0 Superproblem1=0 Iteration1=0 Superproblem2=0 Iteration2=0
 NAME         THETA1       THETA2       THETA3       THETA4       THETA5       THETA6       THETA7       THETA8       SIGMA(1,1)   OMEGA(1,1)   OMEGA(2,1)   OMEGA(2,2)   OMEGA(3,1)   OMEGA(3,2)   OMEGA(3,3)   OMEGA(4,1)   OMEGA(4,2)   OMEGA(4,3)   OMEGA(4,4)   OMEGA(5,1)   OMEGA(5,2)   OMEGA(5,3)   OMEGA(5,4)   OMEGA(5,5)
 THETA1        4.58493E+02 -2.36634E+02 -4.24596E+02  1.25867E+02  1.46669E+02  3.02299E+01  4.77429E+01  4.33455E+01 -1.32948E+03 -1.17563E+02  4.80842E+01 -2.31622E+02 -2.91038E+02  6.91740E+02 -5.31821E+01  0.00000E+00  0.00000E+00  0.00000E+00  0.00000E+00  0.00000E+00  0.00000E+00  0.00000E+00  0.00000E+00  0.00000E+00
 THETA2       -2.36634E+02  3.06056E+03 -1.65962E+03  2.93302E+02  6.26605E+02  9.43928E+01  8.08465E+01  1.58891E+02 -1.33003E+03  4.16057E+01  1.62564E+02  7.64676E+02 -1.53461E+01  3.65426E+02 -1.19645E+03  0.00000E+00  0.00000E+00  0.00000E+00  0.00000E+00  0.00000E+00  0.00000E+00  0.00000E+00  0.00000E+00  0.00000E+00
 THETA3       -4.24596E+02 -1.65962E+03  3.13141E+03 -3.55844E+02 -6.30816E+02 -2.06069E+02 -2.00951E+02 -3.15228E+02  1.09199E+03  1.54776E+02 -2.02490E+02 -8.37689E+02  4.25957E+02  9.30571E+01  5.27832E+02  0.00000E+00  0.00000E+00  0.00000E+00  0.00000E+00  0.00000E+00  0.00000E+00  0.00000E+00  0.00000E+00  0.00000E+00
 THETA4        1.25867E+02  2.93302E+02 -3.55844E+02  1.77841E+03 -3.79502E+01  1.61683E+01  8.04627E+00  4.48851E+01 -6.90773E+03  1.71851E+00  7.10261E+01 -1.27277E+02 -4.08660E+02  4.76428E+02 -1.01692E+02  0.00000E+00  0.00000E+00  0.00000E+00  0.00000E+00  0.00000E+00  0.00000E+00  0.00000E+00  0.00000E+00  0.00000E+00
 THETA5        1.46669E+02  6.26605E+02 -6.30816E+02 -3.79502E+01  1.04667E+03 -4.47299E+00  6.27377E+01  6.48646E+01 -1.22268E+03  1.87185E+01 -3.63382E+02 -1.94281E+02 -6.75090E+01  9.45542E+01  2.89098E+02  0.00000E+00  0.00000E+00  0.00000E+00  0.00000E+00  0.00000E+00  0.00000E+00  0.00000E+00  0.00000E+00  0.00000E+00
 THETA6        3.02299E+01  9.43928E+01 -2.06069E+02  1.61683E+01 -4.47299E+00  4.65883E+02  1.90263E+01 -3.11926E+01  1.29487E+03 -5.29591E+01 -5.63673E+01  5.07481E+02  2.34343E+02 -8.40530E+02  1.58286E+02  0.00000E+00  0.00000E+00  0.00000E+00  0.00000E+00  0.00000E+00  0.00000E+00  0.00000E+00  0.00000E+00  0.00000E+00
 THETA7        4.77429E+01  8.08465E+01 -2.00951E+02  8.04627E+00  6.27377E+01  1.90263E+01  2.09813E+02  4.15129E+01 -5.64301E+01  1.80913E+01 -2.35994E+00 -1.37190E+02 -8.27924E+01  1.54886E+02  1.30087E+01  0.00000E+00  0.00000E+00  0.00000E+00  0.00000E+00  0.00000E+00  0.00000E+00  0.00000E+00  0.00000E+00  0.00000E+00
 THETA8        4.33455E+01  1.58891E+02 -3.15228E+02  4.48851E+01  6.48646E+01 -3.11926E+01  4.15129E+01  1.94233E+02 -1.16647E+02 -3.56169E+01 -2.32914E+01  1.29851E+02  1.85530E+00  1.47363E+02 -3.06426E+01  0.00000E+00  0.00000E+00  0.00000E+00  0.00000E+00  0.00000E+00  0.00000E+00  0.00000E+00  0.00000E+00  0.00000E+00
 SIGMA(1,1)   -1.32948E+03 -1.33003E+03  1.09199E+03 -6.90773E+03 -1.22268E+03  1.29487E+03 -5.64301E+01 -1.16647E+02  8.81913E+05  1.82603E+03  8.79391E+03  6.18397E+03 -6.24456E+03 -5.49243E+03 -3.09152E+03  0.00000E+00  0.00000E+00  0.00000E+00  0.00000E+00  0.00000E+00  0.00000E+00  0.00000E+00  0.00000E+00  0.00000E+00
 OMEGA(1,1)   -1.17563E+02  4.16057E+01  1.54776E+02  1.71851E+00  1.87185E+01 -5.29591E+01  1.80913E+01 -3.56169E+01  1.82603E+03  7.59950E+02 -9.43829E+02 -2.36077E+02 -1.02530E+03  9.96923E+02  1.51728E+02  0.00000E+00  0.00000E+00  0.00000E+00  0.00000E+00  0.00000E+00  0.00000E+00  0.00000E+00  0.00000E+00  0.00000E+00
 OMEGA(2,1)    4.80842E+01  1.62564E+02 -2.02490E+02  7.10261E+01 -3.63382E+02 -5.63673E+01 -2.35994E+00 -2.32914E+01  8.79391E+03 -9.43829E+02  8.49282E+03 -5.45179E+03 -3.03173E+03 -6.91694E+02  1.61617E+03  0.00000E+00  0.00000E+00  0.00000E+00  0.00000E+00  0.00000E+00  0.00000E+00  0.00000E+00  0.00000E+00  0.00000E+00
 OMEGA(2,2)   -2.31622E+02  7.64676E+02 -8.37689E+02 -1.27277E+02 -1.94281E+02  5.07481E+02 -1.37190E+02  1.29851E+02  6.18397E+03 -2.36077E+02 -5.45179E+03  2.45278E+04  4.04151E+03 -2.26029E+04  3.25766E+03  0.00000E+00  0.00000E+00  0.00000E+00  0.00000E+00  0.00000E+00  0.00000E+00  0.00000E+00  0.00000E+00  0.00000E+00
 OMEGA(3,1)   -2.91038E+02 -1.53461E+01  4.25957E+02 -4.08660E+02 -6.75090E+01  2.34343E+02 -8.27924E+01  1.85530E+00 -6.24456E+03 -1.02530E+03 -3.03173E+03  4.04151E+03  8.07876E+03 -5.01876E+03 -3.40110E+03  0.00000E+00  0.00000E+00  0.00000E+00  0.00000E+00  0.00000E+00  0.00000E+00  0.00000E+00  0.00000E+00  0.00000E+00
 OMEGA(3,2)    6.91740E+02  3.65426E+02  9.30571E+01  4.76428E+02  9.45542E+01 -8.40530E+02  1.54886E+02  1.47363E+02 -5.49243E+03  9.96923E+02 -6.91694E+02 -2.26029E+04 -5.01876E+03  5.14103E+04 -1.73303E+04  0.00000E+00  0.00000E+00  0.00000E+00  0.00000E+00  0.00000E+00  0.00000E+00  0.00000E+00  0.00000E+00  0.00000E+00
 OMEGA(3,3)   -5.31821E+01 -1.19645E+03  5.27832E+02 -1.01692E+02  2.89098E+02  1.58286E+02  1.30087E+01 -3.06426E+01 -3.09152E+03  1.51728E+02  1.61617E+03  3.25766E+03 -3.40110E+03 -1.73303E+04  1.73414E+04  0.00000E+00  0.00000E+00  0.00000E+00  0.00000E+00  0.00000E+00  0.00000E+00  0.00000E+00  0.00000E+00  0.00000E+00
 OMEGA(4,1)    0.00000E+00  0.00000E+00  0.00000E+00  0.00000E+00  0.00000E+00  0.00000E+00  0.00000E+00  0.00000E+00  0.00000E+00  0.00000E+00  0.00000E+00  0.00000E+00  0.00000E+00  0.00000E+00  0.00000E+00  0.00000E+00  0.00000E+00  0.00000E+00  0.00000E+00  0.00000E+00  0.00000E+00  0.00000E+00  0.00000E+00  0.00000E+00
 OMEGA(4,2)    0.00000E+00  0.00000E+00  0.00000E+00  0.00000E+00  0.00000E+00  0.00000E+00  0.00000E+00  0.00000E+00  0.00000E+00  0.00000E+00  0.00000E+00  0.00000E+00  0.00000E+00  0.00000E+00  0.00000E+00  0.00000E+00  0.00000E+00  0.00000E+00  0.00000E+00  0.00000E+00  0.00000E+00  0.00000E+00  0.00000E+00  0.00000E+00
 OMEGA(4,3)    0.00000E+00  0.00000E+00  0.00000E+00  0.00000E+00  0.00000E+00  0.00000E+00  0.00000E+00  0.00000E+00  0.00000E+00  0.00000E+00  0.00000E+00  0.00000E+00  0.00000E+00  0.00000E+00  0.00000E+00  0.00000E+00  0.00000E+00  0.00000E+00  0.00000E+00  0.00000E+00  0.00000E+00  0.00000E+00  0.00000E+00  0.00000E+00
 OMEGA(4,4)    0.00000E+00  0.00000E+00  0.00000E+00  0.00000E+00  0.00000E+00  0.00000E+00  0.00000E+00  0.00000E+00  0.00000E+00  0.00000E+00  0.00000E+00  0.00000E+00  0.00000E+00  0.00000E+00  0.00000E+00  0.00000E+00  0.00000E+00  0.00000E+00  0.00000E+00  0.00000E+00  0.00000E+00  0.00000E+00  0.00000E+00  0.00000E+00
 OMEGA(5,1)    0.00000E+00  0.00000E+00  0.00000E+00  0.00000E+00  0.00000E+00  0.00000E+00  0.00000E+00  0.00000E+00  0.00000E+00  0.00000E+00  0.00000E+00  0.00000E+00  0.00000E+00  0.00000E+00  0.00000E+00  0.00000E+00  0.00000E+00  0.00000E+00  0.00000E+00  0.00000E+00  0.00000E+00  0.00000E+00  0.00000E+00  0.00000E+00
 OMEGA(5,2)    0.00000E+00  0.00000E+00  0.00000E+00  0.00000E+00  0.00000E+00  0.00000E+00  0.00000E+00  0.00000E+00  0.00000E+00  0.00000E+00  0.00000E+00  0.00000E+00  0.00000E+00  0.00000E+00  0.00000E+00  0.00000E+00  0.00000E+00  0.00000E+00  0.00000E+00  0.00000E+00  0.00000E+00  0.00000E+00  0.00000E+00  0.00000E+00
 OMEGA(5,3)    0.00000E+00  0.00000E+00  0.00000E+00  0.00000E+00  0.00000E+00  0.00000E+00  0.00000E+00  0.00000E+00  0.00000E+00  0.00000E+00  0.00000E+00  0.00000E+00  0.00000E+00  0.00000E+00  0.00000E+00  0.00000E+00  0.00000E+00  0.00000E+00  0.00000E+00  0.00000E+00  0.00000E+00  0.00000E+00  0.00000E+00  0.00000E+00
 OMEGA(5,4)    0.00000E+00  0.00000E+00  0.00000E+00  0.00000E+00  0.00000E+00  0.00000E+00  0.00000E+00  0.00000E+00  0.00000E+00  0.00000E+00  0.00000E+00  0.00000E+00  0.00000E+00  0.00000E+00  0.00000E+00  0.00000E+00  0.00000E+00  0.00000E+00  0.00000E+00  0.00000E+00  0.00000E+00  0.00000E+00  0.00000E+00  0.00000E+00
 OMEGA(5,5)    0.00000E+00  0.00000E+00  0.00000E+00  0.00000E+00  0.00000E+00  0.00000E+00  0.00000E+00  0.00000E+00  0.00000E+00  0.00000E+00  0.00000E+00  0.00000E+00  0.00000E+00  0.00000E+00  0.00000E+00  0.00000E+00  0.00000E+00  0.00000E+00  0.00000E+00  0.00000E+00  0.00000E+00  0.00000E+00  0.00000E+00  0.00000E+00
