TABLE NO.     1: NUTS Bayesian Analysis: Problem=1 Subproblem=0 Superproblem1=0 Iteration1=0 Superproblem2=0 Iteration2=0
 NAME         THETA1       THETA2       THETA3       THETA4       THETA5       THETA6       THETA7       THETA8       SIGMA(1,1)   OMEGA(1,1)   OMEGA(2,1)   OMEGA(2,2)   OMEGA(3,1)   OMEGA(3,2)   OMEGA(3,3)   OMEGA(4,1)   OMEGA(4,2)   OMEGA(4,3)   OMEGA(4,4)   OMEGA(5,1)   OMEGA(5,2)   OMEGA(5,3)   OMEGA(5,4)   OMEGA(5,5)
 THETA1        6.48162E-02  5.21861E-01  4.36545E-01 -1.34604E-01 -2.59728E-01 -5.52745E-02 -7.05920E-02  2.96919E-02  4.13893E-02  2.78431E-01  1.13362E-01 -2.53616E-02  2.17198E-01 -5.92367E-02  7.81786E-02  0.00000E+00  0.00000E+00  0.00000E+00  0.00000E+00  0.00000E+00  0.00000E+00  0.00000E+00  0.00000E+00  0.00000E+00
 THETA2        5.21861E-01  2.73054E-02  5.43708E-01 -1.45069E-01 -3.68834E-01 -3.91349E-02  1.59645E-04  1.58567E-02  6.65034E-02 -5.16030E-02 -1.51146E-01 -1.68446E-01 -2.04213E-02 -1.10131E-01  9.63103E-02  0.00000E+00  0.00000E+00  0.00000E+00  0.00000E+00  0.00000E+00  0.00000E+00  0.00000E+00  0.00000E+00  0.00000E+00
 THETA3        4.36545E-01  5.43708E-01  2.79017E-02  5.68170E-03  5.18619E-02  1.64498E-01  1.12437E-01  3.17471E-01  1.16821E-02 -5.73266E-02 -4.90394E-02 -3.42571E-02 -1.23426E-01 -1.40204E-01 -1.17908E-01  0.00000E+00  0.00000E+00  0.00000E+00  0.00000E+00  0.00000E+00  0.00000E+00  0.00000E+00  0.00000E+00  0.00000E+00
 THETA4       -1.34604E-01 -1.45069E-01  5.68170E-03  2.50218E-02  1.41274E-01 -1.53194E-02  3.37258E-02 -3.50590E-02  1.66553E-01  2.40397E-02  5.35154E-02  4.44292E-02  9.05532E-02  4.57528E-02  3.23219E-02  0.00000E+00  0.00000E+00  0.00000E+00  0.00000E+00  0.00000E+00  0.00000E+00  0.00000E+00  0.00000E+00  0.00000E+00
 THETA5       -2.59728E-01 -3.68834E-01  5.18619E-02  1.41274E-01  3.72280E-02  8.81605E-02 -2.52083E-02  9.50145E-03 -2.63202E-02  4.35164E-02  2.02422E-01  1.94871E-01  1.40868E-02  8.27903E-02 -1.05378E-01  0.00000E+00  0.00000E+00  0.00000E+00  0.00000E+00  0.00000E+00  0.00000E+00  0.00000E+00  0.00000E+00  0.00000E+00
 THETA6       -5.52745E-02 -3.91349E-02  1.64498E-01 -1.53194E-02  8.81605E-02  4.94787E-02 -5.87876E-02  2.06273E-01 -8.74539E-02  8.55788E-03  7.28746E-03 -2.41505E-02 -8.70161E-02  2.05575E-02 -6.50071E-02  0.00000E+00  0.00000E+00  0.00000E+00  0.00000E+00  0.00000E+00  0.00000E+00  0.00000E+00  0.00000E+00  0.00000E+00
 THETA7       -7.05920E-02  1.59645E-04  1.12437E-01  3.37258E-02 -2.52083E-02 -5.87876E-02  7.28245E-02 -1.36350E-01  3.84546E-03 -7.46059E-02 -7.27582E-03  6.00588E-02 -2.15336E-02  8.65992E-03 -1.67671E-02  0.00000E+00  0.00000E+00  0.00000E+00  0.00000E+00  0.00000E+00  0.00000E+00  0.00000E+00  0.00000E+00  0.00000E+00
 THETA8        2.96919E-02  1.58567E-02  3.17471E-01 -3.50590E-02  9.50145E-03  2.06273E-01 -1.36350E-01  8.21455E-02 -3.36165E-02  3.96255E-02 -1.96310E-02 -1.08377E-01 -7.81951E-02 -1.41468E-01 -1.29842E-01  0.00000E+00  0.00000E+00  0.00000E+00  0.00000E+00  0.00000E+00  0.00000E+00  0.00000E+00  0.00000E+00  0.00000E+00
 SIGMA(1,1)    4.13893E-02  6.65034E-02  1.16821E-02  1.66553E-01 -2.63202E-02 -8.74539E-02  3.84546E-03 -3.36165E-02  1.11464E-03 -1.08075E-01 -1.41556E-01 -1.02037E-01  9.24761E-03 -1.70003E-02  6.24555E-02  0.00000E+00  0.00000E+00  0.00000E+00  0.00000E+00  0.00000E+00  0.00000E+00  0.00000E+00  0.00000E+00  0.00000E+00
 OMEGA(1,1)    2.78431E-01 -5.16030E-02 -5.73266E-02  2.40397E-02  4.35164E-02  8.55788E-03 -7.46059E-02  3.96255E-02 -1.08075E-01  5.98738E-02  6.90720E-01  3.22821E-01  6.87685E-01  3.02936E-01  2.60803E-01  0.00000E+00  0.00000E+00  0.00000E+00  0.00000E+00  0.00000E+00  0.00000E+00  0.00000E+00  0.00000E+00  0.00000E+00
 OMEGA(2,1)    1.13362E-01 -1.51146E-01 -4.90394E-02  5.35154E-02  2.02422E-01  7.28746E-03 -7.27582E-03 -1.96310E-02 -1.41556E-01  6.90720E-01  2.03840E-02  6.19842E-01  6.84471E-01  5.44751E-01  3.37559E-01  0.00000E+00  0.00000E+00  0.00000E+00  0.00000E+00  0.00000E+00  0.00000E+00  0.00000E+00  0.00000E+00  0.00000E+00
 OMEGA(2,2)   -2.53616E-02 -1.68446E-01 -3.42571E-02  4.44292E-02  1.94871E-01 -2.41505E-02  6.00588E-02 -1.08377E-01 -1.02037E-01  3.22821E-01  6.19842E-01  1.16019E-02  3.78582E-01  7.38861E-01  3.88737E-01  0.00000E+00  0.00000E+00  0.00000E+00  0.00000E+00  0.00000E+00  0.00000E+00  0.00000E+00  0.00000E+00  0.00000E+00
 OMEGA(3,1)    2.17198E-01 -2.04213E-02 -1.23426E-01  9.05532E-02  1.40868E-02 -8.70161E-02 -2.15336E-02 -7.81951E-02  9.24761E-03  6.87685E-01  6.84471E-01  3.78582E-01  2.17312E-02  5.76881E-01  5.91575E-01  0.00000E+00  0.00000E+00  0.00000E+00  0.00000E+00  0.00000E+00  0.00000E+00  0.00000E+00  0.00000E+00  0.00000E+00
 OMEGA(3,2)   -5.92367E-02 -1.10131E-01 -1.40204E-01  4.57528E-02  8.27903E-02  2.05575E-02  8.65992E-03 -1.41468E-01 -1.70003E-02  3.02936E-01  5.44751E-01  7.38861E-01  5.76881E-01  1.00439E-02  7.29799E-01  0.00000E+00  0.00000E+00  0.00000E+00  0.00000E+00  0.00000E+00  0.00000E+00  0.00000E+00  0.00000E+00  0.00000E+00
 OMEGA(3,3)    7.81786E-02  9.63103E-02 -1.17908E-01  3.23219E-02 -1.05378E-01 -6.50071E-02 -1.67671E-02 -1.29842E-01  6.24555E-02  2.60803E-01  3.37559E-01  3.88737E-01  5.91575E-01  7.29799E-01  1.30362E-02  0.00000E+00  0.00000E+00  0.00000E+00  0.00000E+00  0.00000E+00  0.00000E+00  0.00000E+00  0.00000E+00  0.00000E+00
 OMEGA(4,1)    0.00000E+00  0.00000E+00  0.00000E+00  0.00000E+00  0.00000E+00  0.00000E+00  0.00000E+00  0.00000E+00  0.00000E+00  0.00000E+00  0.00000E+00  0.00000E+00  0.00000E+00  0.00000E+00  0.00000E+00  0.00000E+00  0.00000E+00  0.00000E+00  0.00000E+00  0.00000E+00  0.00000E+00  0.00000E+00  0.00000E+00  0.00000E+00
 OMEGA(4,2)    0.00000E+00  0.00000E+00  0.00000E+00  0.00000E+00  0.00000E+00  0.00000E+00  0.00000E+00  0.00000E+00  0.00000E+00  0.00000E+00  0.00000E+00  0.00000E+00  0.00000E+00  0.00000E+00  0.00000E+00  0.00000E+00  0.00000E+00  0.00000E+00  0.00000E+00  0.00000E+00  0.00000E+00  0.00000E+00  0.00000E+00  0.00000E+00
 OMEGA(4,3)    0.00000E+00  0.00000E+00  0.00000E+00  0.00000E+00  0.00000E+00  0.00000E+00  0.00000E+00  0.00000E+00  0.00000E+00  0.00000E+00  0.00000E+00  0.00000E+00  0.00000E+00  0.00000E+00  0.00000E+00  0.00000E+00  0.00000E+00  0.00000E+00  0.00000E+00  0.00000E+00  0.00000E+00  0.00000E+00  0.00000E+00  0.00000E+00
 OMEGA(4,4)    0.00000E+00  0.00000E+00  0.00000E+00  0.00000E+00  0.00000E+00  0.00000E+00  0.00000E+00  0.00000E+00  0.00000E+00  0.00000E+00  0.00000E+00  0.00000E+00  0.00000E+00  0.00000E+00  0.00000E+00  0.00000E+00  0.00000E+00  0.00000E+00  0.00000E+00  0.00000E+00  0.00000E+00  0.00000E+00  0.00000E+00  0.00000E+00
 OMEGA(5,1)    0.00000E+00  0.00000E+00  0.00000E+00  0.00000E+00  0.00000E+00  0.00000E+00  0.00000E+00  0.00000E+00  0.00000E+00  0.00000E+00  0.00000E+00  0.00000E+00  0.00000E+00  0.00000E+00  0.00000E+00  0.00000E+00  0.00000E+00  0.00000E+00  0.00000E+00  0.00000E+00  0.00000E+00  0.00000E+00  0.00000E+00  0.00000E+00
 OMEGA(5,2)    0.00000E+00  0.00000E+00  0.00000E+00  0.00000E+00  0.00000E+00  0.00000E+00  0.00000E+00  0.00000E+00  0.00000E+00  0.00000E+00  0.00000E+00  0.00000E+00  0.00000E+00  0.00000E+00  0.00000E+00  0.00000E+00  0.00000E+00  0.00000E+00  0.00000E+00  0.00000E+00  0.00000E+00  0.00000E+00  0.00000E+00  0.00000E+00
 OMEGA(5,3)    0.00000E+00  0.00000E+00  0.00000E+00  0.00000E+00  0.00000E+00  0.00000E+00  0.00000E+00  0.00000E+00  0.00000E+00  0.00000E+00  0.00000E+00  0.00000E+00  0.00000E+00  0.00000E+00  0.00000E+00  0.00000E+00  0.00000E+00  0.00000E+00  0.00000E+00  0.00000E+00  0.00000E+00  0.00000E+00  0.00000E+00  0.00000E+00
 OMEGA(5,4)    0.00000E+00  0.00000E+00  0.00000E+00  0.00000E+00  0.00000E+00  0.00000E+00  0.00000E+00  0.00000E+00  0.00000E+00  0.00000E+00  0.00000E+00  0.00000E+00  0.00000E+00  0.00000E+00  0.00000E+00  0.00000E+00  0.00000E+00  0.00000E+00  0.00000E+00  0.00000E+00  0.00000E+00  0.00000E+00  0.00000E+00  0.00000E+00
 OMEGA(5,5)    0.00000E+00  0.00000E+00  0.00000E+00  0.00000E+00  0.00000E+00  0.00000E+00  0.00000E+00  0.00000E+00  0.00000E+00  0.00000E+00  0.00000E+00  0.00000E+00  0.00000E+00  0.00000E+00  0.00000E+00  0.00000E+00  0.00000E+00  0.00000E+00  0.00000E+00  0.00000E+00  0.00000E+00  0.00000E+00  0.00000E+00  0.00000E+00
