TABLE NO.     1: NUTS Bayesian Analysis: Problem=1 Subproblem=0 Superproblem1=0 Iteration1=0 Superproblem2=0 Iteration2=0
 NAME         THETA1       THETA2       THETA3       THETA4       THETA5       THETA6       THETA7       THETA8       SIGMA(1,1)   OMEGA(1,1)   OMEGA(2,1)   OMEGA(2,2)   OMEGA(3,1)   OMEGA(3,2)   OMEGA(3,3)   OMEGA(4,1)   OMEGA(4,2)   OMEGA(4,3)   OMEGA(4,4)   OMEGA(5,1)   OMEGA(5,2)   OMEGA(5,3)   OMEGA(5,4)   OMEGA(5,5)
 THETA1        5.44545E+02 -3.83970E+02 -3.62223E+02  5.11624E+01  2.07975E+02 -6.12850E+00  3.83310E+01  3.30174E+01 -4.92063E+02 -1.79108E+02  1.58881E+01  3.14666E+02 -1.38821E+02 -2.60153E+01  2.74845E+02  0.00000E+00  0.00000E+00  0.00000E+00  0.00000E+00  0.00000E+00  0.00000E+00  0.00000E+00  0.00000E+00  0.00000E+00
 THETA2       -3.83970E+02  3.26549E+03 -1.58172E+03  3.44999E+02  5.00921E+02  1.37582E+02  1.27263E+02  1.79068E+02 -2.78869E+03  4.06365E+00  5.13656E+02 -1.14495E+03  4.02214E+01  2.33609E+03 -1.79203E+03  0.00000E+00  0.00000E+00  0.00000E+00  0.00000E+00  0.00000E+00  0.00000E+00  0.00000E+00  0.00000E+00  0.00000E+00
 THETA3       -3.62223E+02 -1.58172E+03  2.75457E+03 -1.74696E+02 -5.96079E+02 -1.72627E+02 -1.89333E+02 -2.43663E+02  5.47616E+02  1.92229E+02 -3.55765E+02 -7.12258E+01  1.87617E+02 -9.59267E+02  4.39438E+02  0.00000E+00  0.00000E+00  0.00000E+00  0.00000E+00  0.00000E+00  0.00000E+00  0.00000E+00  0.00000E+00  0.00000E+00
 THETA4        5.11624E+01  3.44999E+02 -1.74696E+02  1.76721E+03  9.94502E+00  7.04890E+01  4.30279E+01  1.56182E+01 -2.66263E+03 -9.54470E+01  2.40349E+01 -1.84766E+02  1.50896E+02  5.34870E+01 -2.25358E+02  0.00000E+00  0.00000E+00  0.00000E+00  0.00000E+00  0.00000E+00  0.00000E+00  0.00000E+00  0.00000E+00  0.00000E+00
 THETA5        2.07975E+02  5.00921E+02 -5.96079E+02  9.94502E+00  9.41983E+02  5.24963E+01  7.49985E+01  8.68543E+01 -9.17785E+02 -2.15262E+01 -1.37405E+01 -3.63575E+02  4.89790E-01 -7.52811E+01  6.13632E+01  0.00000E+00  0.00000E+00  0.00000E+00  0.00000E+00  0.00000E+00  0.00000E+00  0.00000E+00  0.00000E+00  0.00000E+00
 THETA6       -6.12850E+00  1.37582E+02 -1.72627E+02  7.04890E+01  5.24963E+01  4.55947E+02  1.08753E+01 -6.78368E+00 -1.93448E+02  2.30796E+01 -1.62406E+02 -1.28761E+02  1.72382E+02 -2.38462E+02 -6.93324E+01  0.00000E+00  0.00000E+00  0.00000E+00  0.00000E+00  0.00000E+00  0.00000E+00  0.00000E+00  0.00000E+00  0.00000E+00
 THETA7        3.83310E+01  1.27263E+02 -1.89333E+02  4.30279E+01  7.49985E+01  1.08753E+01  2.08447E+02  2.21420E+01  1.13730E+03 -1.28013E+01  6.26295E+01 -9.94448E+01  6.06180E+01 -1.38911E+02 -4.24451E+00  0.00000E+00  0.00000E+00  0.00000E+00  0.00000E+00  0.00000E+00  0.00000E+00  0.00000E+00  0.00000E+00  0.00000E+00
 THETA8        3.30174E+01  1.79068E+02 -2.43663E+02  1.56182E+01  8.68543E+01 -6.78368E+00  2.21420E+01  1.62523E+02  5.89897E+01 -4.69751E+01  8.56540E+01 -9.73716E+01  7.81471E+01  1.21144E+02 -9.19821E+01  0.00000E+00  0.00000E+00  0.00000E+00  0.00000E+00  0.00000E+00  0.00000E+00  0.00000E+00  0.00000E+00  0.00000E+00
 SIGMA(1,1)   -4.92063E+02 -2.78869E+03  5.47616E+02 -2.66263E+03 -9.17785E+02 -1.93448E+02  1.13730E+03  5.89897E+01  7.68259E+05  2.57914E+03  3.82459E+03 -1.16649E+02 -6.24601E+03 -9.39522E+03  1.70976E+04  0.00000E+00  0.00000E+00  0.00000E+00  0.00000E+00  0.00000E+00  0.00000E+00  0.00000E+00  0.00000E+00  0.00000E+00
 OMEGA(1,1)   -1.79108E+02  4.06365E+00  1.92229E+02 -9.54470E+01 -2.15262E+01  2.30796E+01 -1.28013E+01 -4.69751E+01  2.57914E+03  9.25087E+02 -7.96536E+02 -1.07035E+02 -1.41415E+03  8.24292E+02  5.36784E+02  0.00000E+00  0.00000E+00  0.00000E+00  0.00000E+00  0.00000E+00  0.00000E+00  0.00000E+00  0.00000E+00  0.00000E+00
 OMEGA(2,1)    1.58881E+01  5.13656E+02 -3.55765E+02  2.40349E+01 -1.37405E+01 -1.62406E+02  6.26295E+01  8.56540E+01  3.82459E+03 -7.96536E+02  7.95269E+03 -3.47860E+03 -2.83393E+03 -4.00830E+03  2.42047E+03  0.00000E+00  0.00000E+00  0.00000E+00  0.00000E+00  0.00000E+00  0.00000E+00  0.00000E+00  0.00000E+00  0.00000E+00
 OMEGA(2,2)    3.14666E+02 -1.14495E+03 -7.12258E+01 -1.84766E+02 -3.63575E+02 -1.28761E+02 -9.94448E+01 -9.73716E+01 -1.16649E+02 -1.07035E+02 -3.47860E+03  2.22198E+04  2.15091E+03 -2.22529E+04  6.11519E+03  0.00000E+00  0.00000E+00  0.00000E+00  0.00000E+00  0.00000E+00  0.00000E+00  0.00000E+00  0.00000E+00  0.00000E+00
 OMEGA(3,1)   -1.38821E+02  4.02214E+01  1.87617E+02  1.50896E+02  4.89790E-01  1.72382E+02  6.06180E+01  7.81471E+01 -6.24601E+03 -1.41415E+03 -2.83393E+03  2.15091E+03  8.08301E+03 -2.57961E+03 -4.17304E+03  0.00000E+00  0.00000E+00  0.00000E+00  0.00000E+00  0.00000E+00  0.00000E+00  0.00000E+00  0.00000E+00  0.00000E+00
 OMEGA(3,2)   -2.60153E+01  2.33609E+03 -9.59267E+02  5.34870E+01 -7.52811E+01 -2.38462E+02 -1.38911E+02  1.21144E+02 -9.39522E+03  8.24292E+02 -4.00830E+03 -2.22529E+04 -2.57961E+03  5.63448E+04 -2.14118E+04  0.00000E+00  0.00000E+00  0.00000E+00  0.00000E+00  0.00000E+00  0.00000E+00  0.00000E+00  0.00000E+00  0.00000E+00
 OMEGA(3,3)    2.74845E+02 -1.79203E+03  4.39438E+02 -2.25358E+02  6.13632E+01 -6.93324E+01 -4.24451E+00 -9.19821E+01  1.70976E+04  5.36784E+02  2.42047E+03  6.11519E+03 -4.17304E+03 -2.14118E+04  1.86626E+04  0.00000E+00  0.00000E+00  0.00000E+00  0.00000E+00  0.00000E+00  0.00000E+00  0.00000E+00  0.00000E+00  0.00000E+00
 OMEGA(4,1)    0.00000E+00  0.00000E+00  0.00000E+00  0.00000E+00  0.00000E+00  0.00000E+00  0.00000E+00  0.00000E+00  0.00000E+00  0.00000E+00  0.00000E+00  0.00000E+00  0.00000E+00  0.00000E+00  0.00000E+00  0.00000E+00  0.00000E+00  0.00000E+00  0.00000E+00  0.00000E+00  0.00000E+00  0.00000E+00  0.00000E+00  0.00000E+00
 OMEGA(4,2)    0.00000E+00  0.00000E+00  0.00000E+00  0.00000E+00  0.00000E+00  0.00000E+00  0.00000E+00  0.00000E+00  0.00000E+00  0.00000E+00  0.00000E+00  0.00000E+00  0.00000E+00  0.00000E+00  0.00000E+00  0.00000E+00  0.00000E+00  0.00000E+00  0.00000E+00  0.00000E+00  0.00000E+00  0.00000E+00  0.00000E+00  0.00000E+00
 OMEGA(4,3)    0.00000E+00  0.00000E+00  0.00000E+00  0.00000E+00  0.00000E+00  0.00000E+00  0.00000E+00  0.00000E+00  0.00000E+00  0.00000E+00  0.00000E+00  0.00000E+00  0.00000E+00  0.00000E+00  0.00000E+00  0.00000E+00  0.00000E+00  0.00000E+00  0.00000E+00  0.00000E+00  0.00000E+00  0.00000E+00  0.00000E+00  0.00000E+00
 OMEGA(4,4)    0.00000E+00  0.00000E+00  0.00000E+00  0.00000E+00  0.00000E+00  0.00000E+00  0.00000E+00  0.00000E+00  0.00000E+00  0.00000E+00  0.00000E+00  0.00000E+00  0.00000E+00  0.00000E+00  0.00000E+00  0.00000E+00  0.00000E+00  0.00000E+00  0.00000E+00  0.00000E+00  0.00000E+00  0.00000E+00  0.00000E+00  0.00000E+00
 OMEGA(5,1)    0.00000E+00  0.00000E+00  0.00000E+00  0.00000E+00  0.00000E+00  0.00000E+00  0.00000E+00  0.00000E+00  0.00000E+00  0.00000E+00  0.00000E+00  0.00000E+00  0.00000E+00  0.00000E+00  0.00000E+00  0.00000E+00  0.00000E+00  0.00000E+00  0.00000E+00  0.00000E+00  0.00000E+00  0.00000E+00  0.00000E+00  0.00000E+00
 OMEGA(5,2)    0.00000E+00  0.00000E+00  0.00000E+00  0.00000E+00  0.00000E+00  0.00000E+00  0.00000E+00  0.00000E+00  0.00000E+00  0.00000E+00  0.00000E+00  0.00000E+00  0.00000E+00  0.00000E+00  0.00000E+00  0.00000E+00  0.00000E+00  0.00000E+00  0.00000E+00  0.00000E+00  0.00000E+00  0.00000E+00  0.00000E+00  0.00000E+00
 OMEGA(5,3)    0.00000E+00  0.00000E+00  0.00000E+00  0.00000E+00  0.00000E+00  0.00000E+00  0.00000E+00  0.00000E+00  0.00000E+00  0.00000E+00  0.00000E+00  0.00000E+00  0.00000E+00  0.00000E+00  0.00000E+00  0.00000E+00  0.00000E+00  0.00000E+00  0.00000E+00  0.00000E+00  0.00000E+00  0.00000E+00  0.00000E+00  0.00000E+00
 OMEGA(5,4)    0.00000E+00  0.00000E+00  0.00000E+00  0.00000E+00  0.00000E+00  0.00000E+00  0.00000E+00  0.00000E+00  0.00000E+00  0.00000E+00  0.00000E+00  0.00000E+00  0.00000E+00  0.00000E+00  0.00000E+00  0.00000E+00  0.00000E+00  0.00000E+00  0.00000E+00  0.00000E+00  0.00000E+00  0.00000E+00  0.00000E+00  0.00000E+00
 OMEGA(5,5)    0.00000E+00  0.00000E+00  0.00000E+00  0.00000E+00  0.00000E+00  0.00000E+00  0.00000E+00  0.00000E+00  0.00000E+00  0.00000E+00  0.00000E+00  0.00000E+00  0.00000E+00  0.00000E+00  0.00000E+00  0.00000E+00  0.00000E+00  0.00000E+00  0.00000E+00  0.00000E+00  0.00000E+00  0.00000E+00  0.00000E+00  0.00000E+00
