TABLE NO.     1: NUTS Bayesian Analysis: Problem=1 Subproblem=0 Superproblem1=0 Iteration1=0 Superproblem2=0 Iteration2=0
 NAME         THETA1       THETA2       THETA3       THETA4       THETA5       THETA6       THETA7       THETA8       SIGMA(1,1)   OMEGA(1,1)   OMEGA(2,1)   OMEGA(2,2)   OMEGA(3,1)   OMEGA(3,2)   OMEGA(3,3)   OMEGA(4,1)   OMEGA(4,2)   OMEGA(4,3)   OMEGA(4,4)   OMEGA(5,1)   OMEGA(5,2)   OMEGA(5,3)   OMEGA(5,4)   OMEGA(5,5)
 THETA1        6.23551E-02  5.71919E-01  4.07740E-01 -1.19392E-01 -3.57290E-01 -1.28870E-03 -9.22358E-02 -2.32986E-02  2.29734E-02  3.34053E-01  1.06844E-01 -1.02854E-01  2.24941E-01 -7.59820E-02  6.97018E-03  0.00000E+00  0.00000E+00  0.00000E+00  0.00000E+00  0.00000E+00  0.00000E+00  0.00000E+00  0.00000E+00  0.00000E+00
 THETA2        5.71919E-01  2.71884E-02  5.56997E-01 -1.75408E-01 -3.05680E-01 -2.26969E-02 -5.22296E-02 -4.85558E-02  4.93741E-02  2.18046E-02 -1.00355E-01 -7.85438E-02  1.86632E-02 -8.78013E-02  9.40324E-02  0.00000E+00  0.00000E+00  0.00000E+00  0.00000E+00  0.00000E+00  0.00000E+00  0.00000E+00  0.00000E+00  0.00000E+00
 THETA3        4.07740E-01  5.56997E-01  2.83997E-02 -5.75866E-02  4.80990E-02  1.61798E-01  1.36252E-01  2.20730E-01  2.07614E-02 -2.64900E-02  2.91185E-02  1.22986E-01 -1.88805E-02  8.06930E-02  6.36111E-02  0.00000E+00  0.00000E+00  0.00000E+00  0.00000E+00  0.00000E+00  0.00000E+00  0.00000E+00  0.00000E+00  0.00000E+00
 THETA4       -1.19392E-01 -1.75408E-01 -5.75866E-02  2.45133E-02  9.61409E-02 -5.59633E-02 -4.68795E-02  3.42361E-03  5.48460E-02  5.00162E-02  5.92588E-02  6.77674E-02  2.94662E-02  6.23465E-02  2.14400E-02  0.00000E+00  0.00000E+00  0.00000E+00  0.00000E+00  0.00000E+00  0.00000E+00  0.00000E+00  0.00000E+00  0.00000E+00
 THETA5       -3.57290E-01 -3.05680E-01  4.80990E-02  9.61409E-02  3.91548E-02  1.07120E-02 -2.86393E-02 -8.04427E-02  2.36414E-02 -6.07594E-02  1.14583E-01  2.21332E-01 -2.88529E-03  1.74754E-01  2.32866E-02  0.00000E+00  0.00000E+00  0.00000E+00  0.00000E+00  0.00000E+00  0.00000E+00  0.00000E+00  0.00000E+00  0.00000E+00
 THETA6       -1.28870E-03 -2.26969E-02  1.61798E-01 -5.59633E-02  1.07120E-02  4.93097E-02  3.75212E-02  9.36089E-02 -8.28457E-03 -3.99042E-02  1.12236E-01  1.83894E-01 -1.50497E-02  1.68424E-01  7.60278E-02  0.00000E+00  0.00000E+00  0.00000E+00  0.00000E+00  0.00000E+00  0.00000E+00  0.00000E+00  0.00000E+00  0.00000E+00
 THETA7       -9.22358E-02 -5.22296E-02  1.36252E-01 -4.68795E-02 -2.86393E-02  3.75212E-02  7.34616E-02 -8.15493E-03 -1.02474E-01 -7.58408E-02 -1.55962E-02  1.02651E-01 -6.60291E-02  9.01182E-02  3.55691E-02  0.00000E+00  0.00000E+00  0.00000E+00  0.00000E+00  0.00000E+00  0.00000E+00  0.00000E+00  0.00000E+00  0.00000E+00
 THETA8       -2.32986E-02 -4.85558E-02  2.20730E-01  3.42361E-03 -8.04427E-02  9.36089E-02 -8.15493E-03  8.60350E-02 -1.61804E-02 -1.98624E-02 -6.18838E-02  1.34181E-02 -9.39803E-02 -2.88184E-02 -3.38434E-02  0.00000E+00  0.00000E+00  0.00000E+00  0.00000E+00  0.00000E+00  0.00000E+00  0.00000E+00  0.00000E+00  0.00000E+00
 SIGMA(1,1)    2.29734E-02  4.93741E-02  2.07614E-02  5.48460E-02  2.36414E-02 -8.28457E-03 -1.02474E-01 -1.61804E-02  1.17432E-03 -1.00790E-01 -9.17724E-02 -4.27425E-02 -7.93114E-02 -8.80335E-02 -1.39918E-01  0.00000E+00  0.00000E+00  0.00000E+00  0.00000E+00  0.00000E+00  0.00000E+00  0.00000E+00  0.00000E+00  0.00000E+00
 OMEGA(1,1)    3.34053E-01  2.18046E-02 -2.64900E-02  5.00162E-02 -6.07594E-02 -3.99042E-02 -7.58408E-02 -1.98624E-02 -1.00790E-01  5.61939E-02  6.37103E-01  2.05353E-01  7.25068E-01  2.63362E-01  1.90025E-01  0.00000E+00  0.00000E+00  0.00000E+00  0.00000E+00  0.00000E+00  0.00000E+00  0.00000E+00  0.00000E+00  0.00000E+00
 OMEGA(2,1)    1.06844E-01 -1.00355E-01  2.91185E-02  5.92588E-02  1.14583E-01  1.12236E-01 -1.55962E-02 -6.18838E-02 -9.17724E-02  6.37103E-01  2.03896E-02  5.67584E-01  7.04729E-01  5.99274E-01  3.33515E-01  0.00000E+00  0.00000E+00  0.00000E+00  0.00000E+00  0.00000E+00  0.00000E+00  0.00000E+00  0.00000E+00  0.00000E+00
 OMEGA(2,2)   -1.02854E-01 -7.85438E-02  1.22986E-01  6.77674E-02  2.21332E-01  1.83894E-01  1.02651E-01  1.34181E-02 -4.27425E-02  2.05353E-01  5.67584E-01  1.15202E-02  3.16047E-01  7.31821E-01  3.30718E-01  0.00000E+00  0.00000E+00  0.00000E+00  0.00000E+00  0.00000E+00  0.00000E+00  0.00000E+00  0.00000E+00  0.00000E+00
 OMEGA(3,1)    2.24941E-01  1.86632E-02 -1.88805E-02  2.94662E-02 -2.88529E-03 -1.50497E-02 -6.60291E-02 -9.39803E-02 -7.93114E-02  7.25068E-01  7.04729E-01  3.16047E-01  2.24000E-02  5.47966E-01  5.37595E-01  0.00000E+00  0.00000E+00  0.00000E+00  0.00000E+00  0.00000E+00  0.00000E+00  0.00000E+00  0.00000E+00  0.00000E+00
 OMEGA(3,2)   -7.59820E-02 -8.78013E-02  8.06930E-02  6.23465E-02  1.74754E-01  1.68424E-01  9.01182E-02 -2.88184E-02 -8.80335E-02  2.63362E-01  5.99274E-01  7.31821E-01  5.47966E-01  1.00707E-02  7.21952E-01  0.00000E+00  0.00000E+00  0.00000E+00  0.00000E+00  0.00000E+00  0.00000E+00  0.00000E+00  0.00000E+00  0.00000E+00
 OMEGA(3,3)    6.97018E-03  9.40324E-02  6.36111E-02  2.14400E-02  2.32866E-02  7.60278E-02  3.55691E-02 -3.38434E-02 -1.39918E-01  1.90025E-01  3.33515E-01  3.30718E-01  5.37595E-01  7.21952E-01  1.30526E-02  0.00000E+00  0.00000E+00  0.00000E+00  0.00000E+00  0.00000E+00  0.00000E+00  0.00000E+00  0.00000E+00  0.00000E+00
 OMEGA(4,1)    0.00000E+00  0.00000E+00  0.00000E+00  0.00000E+00  0.00000E+00  0.00000E+00  0.00000E+00  0.00000E+00  0.00000E+00  0.00000E+00  0.00000E+00  0.00000E+00  0.00000E+00  0.00000E+00  0.00000E+00  0.00000E+00  0.00000E+00  0.00000E+00  0.00000E+00  0.00000E+00  0.00000E+00  0.00000E+00  0.00000E+00  0.00000E+00
 OMEGA(4,2)    0.00000E+00  0.00000E+00  0.00000E+00  0.00000E+00  0.00000E+00  0.00000E+00  0.00000E+00  0.00000E+00  0.00000E+00  0.00000E+00  0.00000E+00  0.00000E+00  0.00000E+00  0.00000E+00  0.00000E+00  0.00000E+00  0.00000E+00  0.00000E+00  0.00000E+00  0.00000E+00  0.00000E+00  0.00000E+00  0.00000E+00  0.00000E+00
 OMEGA(4,3)    0.00000E+00  0.00000E+00  0.00000E+00  0.00000E+00  0.00000E+00  0.00000E+00  0.00000E+00  0.00000E+00  0.00000E+00  0.00000E+00  0.00000E+00  0.00000E+00  0.00000E+00  0.00000E+00  0.00000E+00  0.00000E+00  0.00000E+00  0.00000E+00  0.00000E+00  0.00000E+00  0.00000E+00  0.00000E+00  0.00000E+00  0.00000E+00
 OMEGA(4,4)    0.00000E+00  0.00000E+00  0.00000E+00  0.00000E+00  0.00000E+00  0.00000E+00  0.00000E+00  0.00000E+00  0.00000E+00  0.00000E+00  0.00000E+00  0.00000E+00  0.00000E+00  0.00000E+00  0.00000E+00  0.00000E+00  0.00000E+00  0.00000E+00  0.00000E+00  0.00000E+00  0.00000E+00  0.00000E+00  0.00000E+00  0.00000E+00
 OMEGA(5,1)    0.00000E+00  0.00000E+00  0.00000E+00  0.00000E+00  0.00000E+00  0.00000E+00  0.00000E+00  0.00000E+00  0.00000E+00  0.00000E+00  0.00000E+00  0.00000E+00  0.00000E+00  0.00000E+00  0.00000E+00  0.00000E+00  0.00000E+00  0.00000E+00  0.00000E+00  0.00000E+00  0.00000E+00  0.00000E+00  0.00000E+00  0.00000E+00
 OMEGA(5,2)    0.00000E+00  0.00000E+00  0.00000E+00  0.00000E+00  0.00000E+00  0.00000E+00  0.00000E+00  0.00000E+00  0.00000E+00  0.00000E+00  0.00000E+00  0.00000E+00  0.00000E+00  0.00000E+00  0.00000E+00  0.00000E+00  0.00000E+00  0.00000E+00  0.00000E+00  0.00000E+00  0.00000E+00  0.00000E+00  0.00000E+00  0.00000E+00
 OMEGA(5,3)    0.00000E+00  0.00000E+00  0.00000E+00  0.00000E+00  0.00000E+00  0.00000E+00  0.00000E+00  0.00000E+00  0.00000E+00  0.00000E+00  0.00000E+00  0.00000E+00  0.00000E+00  0.00000E+00  0.00000E+00  0.00000E+00  0.00000E+00  0.00000E+00  0.00000E+00  0.00000E+00  0.00000E+00  0.00000E+00  0.00000E+00  0.00000E+00
 OMEGA(5,4)    0.00000E+00  0.00000E+00  0.00000E+00  0.00000E+00  0.00000E+00  0.00000E+00  0.00000E+00  0.00000E+00  0.00000E+00  0.00000E+00  0.00000E+00  0.00000E+00  0.00000E+00  0.00000E+00  0.00000E+00  0.00000E+00  0.00000E+00  0.00000E+00  0.00000E+00  0.00000E+00  0.00000E+00  0.00000E+00  0.00000E+00  0.00000E+00
 OMEGA(5,5)    0.00000E+00  0.00000E+00  0.00000E+00  0.00000E+00  0.00000E+00  0.00000E+00  0.00000E+00  0.00000E+00  0.00000E+00  0.00000E+00  0.00000E+00  0.00000E+00  0.00000E+00  0.00000E+00  0.00000E+00  0.00000E+00  0.00000E+00  0.00000E+00  0.00000E+00  0.00000E+00  0.00000E+00  0.00000E+00  0.00000E+00  0.00000E+00
