TABLE NO.     1: NUTS Bayesian Analysis: Problem=1 Subproblem=0 Superproblem1=0 Iteration1=0 Superproblem2=0 Iteration2=0
 NAME         THETA1       THETA2       THETA3       THETA4       THETA5       THETA6       THETA7       THETA8       SIGMA(1,1)   OMEGA(1,1)   OMEGA(2,1)   OMEGA(2,2)   OMEGA(3,1)   OMEGA(3,2)   OMEGA(3,3)   OMEGA(4,1)   OMEGA(4,2)   OMEGA(4,3)   OMEGA(4,4)   OMEGA(5,1)   OMEGA(5,2)   OMEGA(5,3)   OMEGA(5,4)   OMEGA(5,5)
 THETA1        4.24129E-03  9.96745E-04  7.52992E-04 -3.10725E-04 -8.88842E-04  2.71585E-05 -1.23597E-04  1.35076E-04 -6.74279E-06  1.33007E-03  1.76898E-04 -1.44236E-05  3.85113E-04 -2.07990E-05  2.92465E-05  0.00000E+00  0.00000E+00  0.00000E+00  0.00000E+00  0.00000E+00  0.00000E+00  0.00000E+00  0.00000E+00  0.00000E+00
 THETA2        9.96745E-04  8.70242E-04  4.79010E-04 -1.98050E-04 -4.33898E-04  7.12922E-05  2.14422E-04 -3.68745E-05 -1.45168E-06  6.87891E-05 -5.64715E-05 -2.51795E-06  3.12421E-05  1.80439E-06  3.70812E-05  0.00000E+00  0.00000E+00  0.00000E+00  0.00000E+00  0.00000E+00  0.00000E+00  0.00000E+00  0.00000E+00  0.00000E+00
 THETA3        7.52992E-04  4.79010E-04  8.93132E-04 -5.18070E-05  4.50863E-05  1.56605E-04  4.50008E-04  6.57460E-04 -9.46327E-08 -5.44076E-05 -3.32750E-05  2.03642E-05 -4.18549E-05  1.29617E-05  2.68795E-05  0.00000E+00  0.00000E+00  0.00000E+00  0.00000E+00  0.00000E+00  0.00000E+00  0.00000E+00  0.00000E+00  0.00000E+00
 THETA4       -3.10725E-04 -1.98050E-04 -5.18070E-05  6.20889E-04  1.88559E-04  7.54369E-05 -9.84855E-05 -3.05411E-05  3.34741E-06 -1.75217E-04 -1.83184E-05 -5.04975E-06 -7.36328E-05 -1.89604E-05 -4.65253E-05  0.00000E+00  0.00000E+00  0.00000E+00  0.00000E+00  0.00000E+00  0.00000E+00  0.00000E+00  0.00000E+00  0.00000E+00
 THETA5       -8.88842E-04 -4.33898E-04  4.50863E-05  1.88559E-04  1.36306E-03 -4.37579E-05  5.27164E-05 -1.06023E-04  3.16662E-06 -1.48968E-04  4.25566E-05  2.24506E-05 -8.19766E-05  2.10287E-05 -1.63633E-05  0.00000E+00  0.00000E+00  0.00000E+00  0.00000E+00  0.00000E+00  0.00000E+00  0.00000E+00  0.00000E+00  0.00000E+00
 THETA6        2.71585E-05  7.12922E-05  1.56605E-04  7.54369E-05 -4.37579E-05  2.09863E-03  1.06527E-04  3.33000E-04 -4.30341E-06 -1.38258E-04 -1.78975E-05 -1.56543E-05 -1.15544E-04 -5.34484E-05 -8.35393E-05  0.00000E+00  0.00000E+00  0.00000E+00  0.00000E+00  0.00000E+00  0.00000E+00  0.00000E+00  0.00000E+00  0.00000E+00
 THETA7       -1.23597E-04  2.14422E-04  4.50008E-04 -9.84855E-05  5.27164E-05  1.06527E-04  5.38922E-03 -5.11761E-04 -8.47861E-07 -4.12920E-04 -1.58436E-04 -7.39488E-05 -2.49655E-04 -5.14770E-05 -5.80248E-05  0.00000E+00  0.00000E+00  0.00000E+00  0.00000E+00  0.00000E+00  0.00000E+00  0.00000E+00  0.00000E+00  0.00000E+00
 THETA8        1.35076E-04 -3.68745E-05  6.57460E-04 -3.05411E-05 -1.06023E-04  3.33000E-04 -5.11761E-04  7.66099E-03 -4.02309E-06 -4.65712E-04  1.09563E-04  1.34689E-04 -5.28297E-05  4.44478E-05  1.48489E-05  0.00000E+00  0.00000E+00  0.00000E+00  0.00000E+00  0.00000E+00  0.00000E+00  0.00000E+00  0.00000E+00  0.00000E+00
 SIGMA(1,1)   -6.74279E-06 -1.45168E-06 -9.46327E-08  3.34741E-06  3.16662E-06 -4.30341E-06 -8.47861E-07 -4.02309E-06  1.21851E-06 -2.61062E-07 -1.07833E-06 -7.95540E-08  1.18807E-06  1.09503E-06  1.29705E-06  0.00000E+00  0.00000E+00  0.00000E+00  0.00000E+00  0.00000E+00  0.00000E+00  0.00000E+00  0.00000E+00  0.00000E+00
 OMEGA(1,1)    1.33007E-03  6.87891E-05 -5.44076E-05 -1.75217E-04 -1.48968E-04 -1.38258E-04 -4.12920E-04 -4.65712E-04 -2.61062E-07  3.11933E-03  7.08782E-04  1.53033E-04  1.01644E-03  1.85804E-04  2.60442E-04  0.00000E+00  0.00000E+00  0.00000E+00  0.00000E+00  0.00000E+00  0.00000E+00  0.00000E+00  0.00000E+00  0.00000E+00
 OMEGA(2,1)    1.76898E-04 -5.64715E-05 -3.32750E-05 -1.83184E-05  4.25566E-05 -1.78975E-05 -1.58436E-04  1.09563E-04 -1.07833E-06  7.08782E-04  3.74408E-04  1.32524E-04  3.45517E-04  1.31996E-04  1.32173E-04  0.00000E+00  0.00000E+00  0.00000E+00  0.00000E+00  0.00000E+00  0.00000E+00  0.00000E+00  0.00000E+00  0.00000E+00
 OMEGA(2,2)   -1.44236E-05 -2.51795E-06  2.03642E-05 -5.04975E-06  2.24506E-05 -1.56543E-05 -7.39488E-05  1.34689E-04 -7.95540E-08  1.53033E-04  1.32524E-04  1.30479E-04  9.99209E-05  9.13948E-05  6.27222E-05  0.00000E+00  0.00000E+00  0.00000E+00  0.00000E+00  0.00000E+00  0.00000E+00  0.00000E+00  0.00000E+00  0.00000E+00
 OMEGA(3,1)    3.85113E-04  3.12421E-05 -4.18549E-05 -7.36328E-05 -8.19766E-05 -1.15544E-04 -2.49655E-04 -5.28297E-05  1.18807E-06  1.01644E-03  3.45517E-04  9.99209E-05  5.68016E-04  1.45943E-04  2.13742E-04  0.00000E+00  0.00000E+00  0.00000E+00  0.00000E+00  0.00000E+00  0.00000E+00  0.00000E+00  0.00000E+00  0.00000E+00
 OMEGA(3,2)   -2.07990E-05  1.80439E-06  1.29617E-05 -1.89604E-05  2.10287E-05 -5.34484E-05 -5.14770E-05  4.44478E-05  1.09503E-06  1.85804E-04  1.31996E-04  9.13948E-05  1.45943E-04  1.09120E-04  1.13921E-04  0.00000E+00  0.00000E+00  0.00000E+00  0.00000E+00  0.00000E+00  0.00000E+00  0.00000E+00  0.00000E+00  0.00000E+00
 OMEGA(3,3)    2.92465E-05  3.70812E-05  2.68795E-05 -4.65253E-05 -1.63633E-05 -8.35393E-05 -5.80248E-05  1.48489E-05  1.29705E-06  2.60442E-04  1.32173E-04  6.27222E-05  2.13742E-04  1.13921E-04  2.16677E-04  0.00000E+00  0.00000E+00  0.00000E+00  0.00000E+00  0.00000E+00  0.00000E+00  0.00000E+00  0.00000E+00  0.00000E+00
 OMEGA(4,1)    0.00000E+00  0.00000E+00  0.00000E+00  0.00000E+00  0.00000E+00  0.00000E+00  0.00000E+00  0.00000E+00  0.00000E+00  0.00000E+00  0.00000E+00  0.00000E+00  0.00000E+00  0.00000E+00  0.00000E+00  0.00000E+00  0.00000E+00  0.00000E+00  0.00000E+00  0.00000E+00  0.00000E+00  0.00000E+00  0.00000E+00  0.00000E+00
 OMEGA(4,2)    0.00000E+00  0.00000E+00  0.00000E+00  0.00000E+00  0.00000E+00  0.00000E+00  0.00000E+00  0.00000E+00  0.00000E+00  0.00000E+00  0.00000E+00  0.00000E+00  0.00000E+00  0.00000E+00  0.00000E+00  0.00000E+00  0.00000E+00  0.00000E+00  0.00000E+00  0.00000E+00  0.00000E+00  0.00000E+00  0.00000E+00  0.00000E+00
 OMEGA(4,3)    0.00000E+00  0.00000E+00  0.00000E+00  0.00000E+00  0.00000E+00  0.00000E+00  0.00000E+00  0.00000E+00  0.00000E+00  0.00000E+00  0.00000E+00  0.00000E+00  0.00000E+00  0.00000E+00  0.00000E+00  0.00000E+00  0.00000E+00  0.00000E+00  0.00000E+00  0.00000E+00  0.00000E+00  0.00000E+00  0.00000E+00  0.00000E+00
 OMEGA(4,4)    0.00000E+00  0.00000E+00  0.00000E+00  0.00000E+00  0.00000E+00  0.00000E+00  0.00000E+00  0.00000E+00  0.00000E+00  0.00000E+00  0.00000E+00  0.00000E+00  0.00000E+00  0.00000E+00  0.00000E+00  0.00000E+00  0.00000E+00  0.00000E+00  0.00000E+00  0.00000E+00  0.00000E+00  0.00000E+00  0.00000E+00  0.00000E+00
 OMEGA(5,1)    0.00000E+00  0.00000E+00  0.00000E+00  0.00000E+00  0.00000E+00  0.00000E+00  0.00000E+00  0.00000E+00  0.00000E+00  0.00000E+00  0.00000E+00  0.00000E+00  0.00000E+00  0.00000E+00  0.00000E+00  0.00000E+00  0.00000E+00  0.00000E+00  0.00000E+00  0.00000E+00  0.00000E+00  0.00000E+00  0.00000E+00  0.00000E+00
 OMEGA(5,2)    0.00000E+00  0.00000E+00  0.00000E+00  0.00000E+00  0.00000E+00  0.00000E+00  0.00000E+00  0.00000E+00  0.00000E+00  0.00000E+00  0.00000E+00  0.00000E+00  0.00000E+00  0.00000E+00  0.00000E+00  0.00000E+00  0.00000E+00  0.00000E+00  0.00000E+00  0.00000E+00  0.00000E+00  0.00000E+00  0.00000E+00  0.00000E+00
 OMEGA(5,3)    0.00000E+00  0.00000E+00  0.00000E+00  0.00000E+00  0.00000E+00  0.00000E+00  0.00000E+00  0.00000E+00  0.00000E+00  0.00000E+00  0.00000E+00  0.00000E+00  0.00000E+00  0.00000E+00  0.00000E+00  0.00000E+00  0.00000E+00  0.00000E+00  0.00000E+00  0.00000E+00  0.00000E+00  0.00000E+00  0.00000E+00  0.00000E+00
 OMEGA(5,4)    0.00000E+00  0.00000E+00  0.00000E+00  0.00000E+00  0.00000E+00  0.00000E+00  0.00000E+00  0.00000E+00  0.00000E+00  0.00000E+00  0.00000E+00  0.00000E+00  0.00000E+00  0.00000E+00  0.00000E+00  0.00000E+00  0.00000E+00  0.00000E+00  0.00000E+00  0.00000E+00  0.00000E+00  0.00000E+00  0.00000E+00  0.00000E+00
 OMEGA(5,5)    0.00000E+00  0.00000E+00  0.00000E+00  0.00000E+00  0.00000E+00  0.00000E+00  0.00000E+00  0.00000E+00  0.00000E+00  0.00000E+00  0.00000E+00  0.00000E+00  0.00000E+00  0.00000E+00  0.00000E+00  0.00000E+00  0.00000E+00  0.00000E+00  0.00000E+00  0.00000E+00  0.00000E+00  0.00000E+00  0.00000E+00  0.00000E+00
