TABLE NO.     1: NUTS Bayesian Analysis: Problem=1 Subproblem=0 Superproblem1=0 Iteration1=0 Superproblem2=0 Iteration2=0
 NAME         THETA1       THETA2       THETA3       THETA4       THETA5       THETA6       THETA7       THETA8       SIGMA(1,1)   OMEGA(1,1)   OMEGA(2,1)   OMEGA(2,2)   OMEGA(3,1)   OMEGA(3,2)   OMEGA(3,3)   OMEGA(4,1)   OMEGA(4,2)   OMEGA(4,3)   OMEGA(4,4)   OMEGA(5,1)   OMEGA(5,2)   OMEGA(5,3)   OMEGA(5,4)   OMEGA(5,5)
 THETA1        4.68477E+02 -2.60724E+02 -3.27756E+02  2.41943E+01  2.04803E+02  3.17155E+01  3.41854E+01  9.89203E+00  1.18217E+03 -1.65914E+02 -1.66516E+02  1.39813E+02 -6.79502E+01  3.76793E+02  1.85789E+02  0.00000E+00  0.00000E+00  0.00000E+00  0.00000E+00  0.00000E+00  0.00000E+00  0.00000E+00  0.00000E+00  0.00000E+00
 THETA2       -2.60724E+02  2.60840E+03 -1.26083E+03  4.06707E+02  6.29712E+02 -3.26651E+01  1.42855E+01  1.41275E+02  2.91355E+02  1.05298E+02  6.62494E+02 -4.64546E+02 -3.38573E+02  1.99194E+01 -2.12797E+02  0.00000E+00  0.00000E+00  0.00000E+00  0.00000E+00  0.00000E+00  0.00000E+00  0.00000E+00  0.00000E+00  0.00000E+00
 THETA3       -3.27756E+02 -1.26083E+03  2.41081E+03 -1.74388E+02 -6.59510E+02 -1.06548E+02 -1.59999E+02 -2.17444E+02 -1.48136E+03 -1.83671E+01  2.70990E+02 -2.82083E+02  4.43013E+02 -4.27866E+02 -4.60092E+02  0.00000E+00  0.00000E+00  0.00000E+00  0.00000E+00  0.00000E+00  0.00000E+00  0.00000E+00  0.00000E+00  0.00000E+00
 THETA4        2.41943E+01  4.06707E+02 -1.74388E+02  1.85494E+03 -7.76302E+01 -6.55923E+01  4.22095E+01  3.59466E+01 -5.15994E+03  1.08237E+02 -2.27315E+02 -1.91783E+02 -1.36573E+01  4.39165E+02  2.02294E+02  0.00000E+00  0.00000E+00  0.00000E+00  0.00000E+00  0.00000E+00  0.00000E+00  0.00000E+00  0.00000E+00  0.00000E+00
 THETA5        2.04803E+02  6.29712E+02 -6.59510E+02 -7.76302E+01  1.13293E+03  4.55936E+01  2.71132E+01  7.17206E+01 -1.00339E+03 -4.96448E+01 -4.03133E+02  2.73142E+02  2.59074E+02 -2.76390E+02  1.57490E+02  0.00000E+00  0.00000E+00  0.00000E+00  0.00000E+00  0.00000E+00  0.00000E+00  0.00000E+00  0.00000E+00  0.00000E+00
 THETA6        3.17155E+01 -3.26651E+01 -1.06548E+02 -6.55923E+01  4.55936E+01  5.07623E+02  1.13639E-01 -1.00304E+01  1.24857E+03 -1.52114E+00 -2.42490E+02 -3.04940E+01  1.15952E+02  3.50733E+02  5.26333E+01  0.00000E+00  0.00000E+00  0.00000E+00  0.00000E+00  0.00000E+00  0.00000E+00  0.00000E+00  0.00000E+00  0.00000E+00
 THETA7        3.41854E+01  1.42855E+01 -1.59999E+02  4.22095E+01  2.71132E+01  1.13639E-01  2.06278E+02  2.63881E+01  1.60834E+02 -6.32734E+00 -6.75358E+01  1.80469E+02  1.06332E+02 -1.22322E+02  3.23947E+01  0.00000E+00  0.00000E+00  0.00000E+00  0.00000E+00  0.00000E+00  0.00000E+00  0.00000E+00  0.00000E+00  0.00000E+00
 THETA8        9.89203E+00  1.41275E+02 -2.17444E+02  3.59466E+01  7.17206E+01 -1.00304E+01  2.63881E+01  1.60757E+02  1.27846E+02  6.38834E+01 -1.40264E+02 -2.10924E+02 -4.58768E+01  2.90522E+02 -3.16438E+01  0.00000E+00  0.00000E+00  0.00000E+00  0.00000E+00  0.00000E+00  0.00000E+00  0.00000E+00  0.00000E+00  0.00000E+00
 SIGMA(1,1)    1.18217E+03  2.91355E+02 -1.48136E+03 -5.15994E+03 -1.00339E+03  1.24857E+03  1.60834E+02  1.27846E+02  8.92484E+05 -1.29497E+03  1.53153E+04  1.20049E+04 -6.20651E+03 -3.33314E+04  6.34973E+03  0.00000E+00  0.00000E+00  0.00000E+00  0.00000E+00  0.00000E+00  0.00000E+00  0.00000E+00  0.00000E+00  0.00000E+00
 OMEGA(1,1)   -1.65914E+02  1.05298E+02 -1.83671E+01  1.08237E+02 -4.96448E+01 -1.52114E+00 -6.32734E+00  6.38834E+01 -1.29497E+03  1.02969E+03 -8.98113E+02 -2.27772E+02 -1.58127E+03  1.36020E+03  2.48058E+02  0.00000E+00  0.00000E+00  0.00000E+00  0.00000E+00  0.00000E+00  0.00000E+00  0.00000E+00  0.00000E+00  0.00000E+00
 OMEGA(2,1)   -1.66516E+02  6.62494E+02  2.70990E+02 -2.27315E+02 -4.03133E+02 -2.42490E+02 -6.75358E+01 -1.40264E+02  1.53153E+04 -8.98113E+02  1.05635E+04 -4.18292E+03 -3.49378E+03 -4.88462E+03  1.46381E+03  0.00000E+00  0.00000E+00  0.00000E+00  0.00000E+00  0.00000E+00  0.00000E+00  0.00000E+00  0.00000E+00  0.00000E+00
 OMEGA(2,2)    1.39813E+02 -4.64546E+02 -2.82083E+02 -1.91783E+02  2.73142E+02 -3.04940E+01  1.80469E+02 -2.10924E+02  1.20049E+04 -2.27772E+02 -4.18292E+03  2.64371E+04  2.68878E+03 -2.77567E+04  7.16782E+03  0.00000E+00  0.00000E+00  0.00000E+00  0.00000E+00  0.00000E+00  0.00000E+00  0.00000E+00  0.00000E+00  0.00000E+00
 OMEGA(3,1)   -6.79502E+01 -3.38573E+02  4.43013E+02 -1.36573E+01  2.59074E+02  1.15952E+02  1.06332E+02 -4.58768E+01 -6.20651E+03 -1.58127E+03 -3.49378E+03  2.68878E+03  8.52955E+03 -3.16237E+03 -3.35556E+03  0.00000E+00  0.00000E+00  0.00000E+00  0.00000E+00  0.00000E+00  0.00000E+00  0.00000E+00  0.00000E+00  0.00000E+00
 OMEGA(3,2)    3.76793E+02  1.99194E+01 -4.27866E+02  4.39165E+02 -2.76390E+02  3.50733E+02 -1.22322E+02  2.90522E+02 -3.33314E+04  1.36020E+03 -4.88462E+03 -2.77567E+04 -3.16237E+03  6.07335E+04 -1.90780E+04  0.00000E+00  0.00000E+00  0.00000E+00  0.00000E+00  0.00000E+00  0.00000E+00  0.00000E+00  0.00000E+00  0.00000E+00
 OMEGA(3,3)    1.85789E+02 -2.12797E+02 -4.60092E+02  2.02294E+02  1.57490E+02  5.26333E+01  3.23947E+01 -3.16438E+01  6.34973E+03  2.48058E+02  1.46381E+03  7.16782E+03 -3.35556E+03 -1.90780E+04  1.48066E+04  0.00000E+00  0.00000E+00  0.00000E+00  0.00000E+00  0.00000E+00  0.00000E+00  0.00000E+00  0.00000E+00  0.00000E+00
 OMEGA(4,1)    0.00000E+00  0.00000E+00  0.00000E+00  0.00000E+00  0.00000E+00  0.00000E+00  0.00000E+00  0.00000E+00  0.00000E+00  0.00000E+00  0.00000E+00  0.00000E+00  0.00000E+00  0.00000E+00  0.00000E+00  0.00000E+00  0.00000E+00  0.00000E+00  0.00000E+00  0.00000E+00  0.00000E+00  0.00000E+00  0.00000E+00  0.00000E+00
 OMEGA(4,2)    0.00000E+00  0.00000E+00  0.00000E+00  0.00000E+00  0.00000E+00  0.00000E+00  0.00000E+00  0.00000E+00  0.00000E+00  0.00000E+00  0.00000E+00  0.00000E+00  0.00000E+00  0.00000E+00  0.00000E+00  0.00000E+00  0.00000E+00  0.00000E+00  0.00000E+00  0.00000E+00  0.00000E+00  0.00000E+00  0.00000E+00  0.00000E+00
 OMEGA(4,3)    0.00000E+00  0.00000E+00  0.00000E+00  0.00000E+00  0.00000E+00  0.00000E+00  0.00000E+00  0.00000E+00  0.00000E+00  0.00000E+00  0.00000E+00  0.00000E+00  0.00000E+00  0.00000E+00  0.00000E+00  0.00000E+00  0.00000E+00  0.00000E+00  0.00000E+00  0.00000E+00  0.00000E+00  0.00000E+00  0.00000E+00  0.00000E+00
 OMEGA(4,4)    0.00000E+00  0.00000E+00  0.00000E+00  0.00000E+00  0.00000E+00  0.00000E+00  0.00000E+00  0.00000E+00  0.00000E+00  0.00000E+00  0.00000E+00  0.00000E+00  0.00000E+00  0.00000E+00  0.00000E+00  0.00000E+00  0.00000E+00  0.00000E+00  0.00000E+00  0.00000E+00  0.00000E+00  0.00000E+00  0.00000E+00  0.00000E+00
 OMEGA(5,1)    0.00000E+00  0.00000E+00  0.00000E+00  0.00000E+00  0.00000E+00  0.00000E+00  0.00000E+00  0.00000E+00  0.00000E+00  0.00000E+00  0.00000E+00  0.00000E+00  0.00000E+00  0.00000E+00  0.00000E+00  0.00000E+00  0.00000E+00  0.00000E+00  0.00000E+00  0.00000E+00  0.00000E+00  0.00000E+00  0.00000E+00  0.00000E+00
 OMEGA(5,2)    0.00000E+00  0.00000E+00  0.00000E+00  0.00000E+00  0.00000E+00  0.00000E+00  0.00000E+00  0.00000E+00  0.00000E+00  0.00000E+00  0.00000E+00  0.00000E+00  0.00000E+00  0.00000E+00  0.00000E+00  0.00000E+00  0.00000E+00  0.00000E+00  0.00000E+00  0.00000E+00  0.00000E+00  0.00000E+00  0.00000E+00  0.00000E+00
 OMEGA(5,3)    0.00000E+00  0.00000E+00  0.00000E+00  0.00000E+00  0.00000E+00  0.00000E+00  0.00000E+00  0.00000E+00  0.00000E+00  0.00000E+00  0.00000E+00  0.00000E+00  0.00000E+00  0.00000E+00  0.00000E+00  0.00000E+00  0.00000E+00  0.00000E+00  0.00000E+00  0.00000E+00  0.00000E+00  0.00000E+00  0.00000E+00  0.00000E+00
 OMEGA(5,4)    0.00000E+00  0.00000E+00  0.00000E+00  0.00000E+00  0.00000E+00  0.00000E+00  0.00000E+00  0.00000E+00  0.00000E+00  0.00000E+00  0.00000E+00  0.00000E+00  0.00000E+00  0.00000E+00  0.00000E+00  0.00000E+00  0.00000E+00  0.00000E+00  0.00000E+00  0.00000E+00  0.00000E+00  0.00000E+00  0.00000E+00  0.00000E+00
 OMEGA(5,5)    0.00000E+00  0.00000E+00  0.00000E+00  0.00000E+00  0.00000E+00  0.00000E+00  0.00000E+00  0.00000E+00  0.00000E+00  0.00000E+00  0.00000E+00  0.00000E+00  0.00000E+00  0.00000E+00  0.00000E+00  0.00000E+00  0.00000E+00  0.00000E+00  0.00000E+00  0.00000E+00  0.00000E+00  0.00000E+00  0.00000E+00  0.00000E+00
