TABLE NO.     1: NUTS Bayesian Analysis: Problem=1 Subproblem=0 Superproblem1=0 Iteration1=0 Superproblem2=0 Iteration2=0
 NAME         THETA1       THETA2       THETA3       THETA4       THETA5       THETA6       THETA7       THETA8       SIGMA(1,1)   OMEGA(1,1)   OMEGA(2,1)   OMEGA(2,2)   OMEGA(3,1)   OMEGA(3,2)   OMEGA(3,3)   OMEGA(4,1)   OMEGA(4,2)   OMEGA(4,3)   OMEGA(4,4)   OMEGA(5,1)   OMEGA(5,2)   OMEGA(5,3)   OMEGA(5,4)   OMEGA(5,5)
 THETA1        6.51252E-02  5.18818E-01  3.86886E-01 -1.91479E-01 -3.69674E-01  9.10308E-03 -2.58521E-02  2.36966E-02 -9.37944E-02  3.65674E-01  1.40379E-01 -1.93889E-02  2.48118E-01 -3.05731E-02  3.05083E-02  0.00000E+00  0.00000E+00  0.00000E+00  0.00000E+00  0.00000E+00  0.00000E+00  0.00000E+00  0.00000E+00  0.00000E+00
 THETA2        5.18818E-01  2.94999E-02  5.43334E-01 -2.69432E-01 -3.98392E-01  5.27539E-02  9.90116E-02 -1.42812E-02 -4.45796E-02  4.17512E-02 -9.89320E-02 -7.47235E-03  4.44364E-02  5.85542E-03  8.53939E-02  0.00000E+00  0.00000E+00  0.00000E+00  0.00000E+00  0.00000E+00  0.00000E+00  0.00000E+00  0.00000E+00  0.00000E+00
 THETA3        3.86886E-01  5.43334E-01  2.98853E-02 -6.95703E-02  4.08630E-02  1.14388E-01  2.05116E-01  2.51344E-01 -2.86860E-03 -3.25965E-02 -5.75423E-02  5.96539E-02 -5.87635E-02  4.15193E-02  6.11022E-02  0.00000E+00  0.00000E+00  0.00000E+00  0.00000E+00  0.00000E+00  0.00000E+00  0.00000E+00  0.00000E+00  0.00000E+00
 THETA4       -1.91479E-01 -2.69432E-01 -6.95703E-02  2.49176E-02  2.04967E-01  6.60860E-02 -5.38397E-02 -1.40035E-02  1.21699E-01 -1.25904E-01 -3.79934E-02 -1.77416E-02 -1.23989E-01 -7.28431E-02 -1.26846E-01  0.00000E+00  0.00000E+00  0.00000E+00  0.00000E+00  0.00000E+00  0.00000E+00  0.00000E+00  0.00000E+00  0.00000E+00
 THETA5       -3.69674E-01 -3.98392E-01  4.08630E-02  2.04967E-01  3.69196E-02 -2.58722E-02  1.94503E-02 -3.28095E-02  7.77007E-02 -7.22446E-02  5.95714E-02  5.32353E-02 -9.31649E-02  5.45259E-02 -3.01098E-02  0.00000E+00  0.00000E+00  0.00000E+00  0.00000E+00  0.00000E+00  0.00000E+00  0.00000E+00  0.00000E+00  0.00000E+00
 THETA6        9.10308E-03  5.27539E-02  1.14388E-01  6.60860E-02 -2.58722E-02  4.58108E-02  3.16760E-02  8.30490E-02 -8.51003E-02 -5.40373E-02 -2.01908E-02 -2.99154E-02 -1.05827E-01 -1.11690E-01 -1.23884E-01  0.00000E+00  0.00000E+00  0.00000E+00  0.00000E+00  0.00000E+00  0.00000E+00  0.00000E+00  0.00000E+00  0.00000E+00
 THETA7       -2.58521E-02  9.90116E-02  2.05116E-01 -5.38397E-02  1.94503E-02  3.16760E-02  7.34113E-02 -7.96456E-02 -1.04628E-02 -1.00710E-01 -1.11537E-01 -8.81856E-02 -1.42691E-01 -6.71270E-02 -5.36962E-02  0.00000E+00  0.00000E+00  0.00000E+00  0.00000E+00  0.00000E+00  0.00000E+00  0.00000E+00  0.00000E+00  0.00000E+00
 THETA8        2.36966E-02 -1.42812E-02  2.51344E-01 -1.40035E-02 -3.28095E-02  8.30490E-02 -7.96456E-02  8.75271E-02 -4.16393E-02 -9.52675E-02  6.46917E-02  1.34716E-01 -2.53253E-02  4.86133E-02  1.15251E-02  0.00000E+00  0.00000E+00  0.00000E+00  0.00000E+00  0.00000E+00  0.00000E+00  0.00000E+00  0.00000E+00  0.00000E+00
 SIGMA(1,1)   -9.37944E-02 -4.45796E-02 -2.86860E-03  1.21699E-01  7.77007E-02 -8.51003E-02 -1.04628E-02 -4.16393E-02  1.10386E-03 -4.23448E-03 -5.04853E-02 -6.30925E-03  4.51593E-02  9.49642E-02  7.98247E-02  0.00000E+00  0.00000E+00  0.00000E+00  0.00000E+00  0.00000E+00  0.00000E+00  0.00000E+00  0.00000E+00  0.00000E+00
 OMEGA(1,1)    3.65674E-01  4.17512E-02 -3.25965E-02 -1.25904E-01 -7.22446E-02 -5.40373E-02 -1.00710E-01 -9.52675E-02 -4.23448E-03  5.58509E-02  6.55858E-01  2.39874E-01  7.63609E-01  3.18472E-01  3.16791E-01  0.00000E+00  0.00000E+00  0.00000E+00  0.00000E+00  0.00000E+00  0.00000E+00  0.00000E+00  0.00000E+00  0.00000E+00
 OMEGA(2,1)    1.40379E-01 -9.89320E-02 -5.75423E-02 -3.79934E-02  5.95714E-02 -2.01908E-02 -1.11537E-01  6.46917E-02 -5.04853E-02  6.55858E-01  1.93496E-02  5.99584E-01  7.49232E-01  6.53034E-01  4.64049E-01  0.00000E+00  0.00000E+00  0.00000E+00  0.00000E+00  0.00000E+00  0.00000E+00  0.00000E+00  0.00000E+00  0.00000E+00
 OMEGA(2,2)   -1.93889E-02 -7.47235E-03  5.96539E-02 -1.77416E-02  5.32353E-02 -2.99154E-02 -8.81856E-02  1.34716E-01 -6.30925E-03  2.39874E-01  5.99584E-01  1.14227E-02  3.67033E-01  7.65946E-01  3.73031E-01  0.00000E+00  0.00000E+00  0.00000E+00  0.00000E+00  0.00000E+00  0.00000E+00  0.00000E+00  0.00000E+00  0.00000E+00
 OMEGA(3,1)    2.48118E-01  4.44364E-02 -5.87635E-02 -1.23989E-01 -9.31649E-02 -1.05827E-01 -1.42691E-01 -2.53253E-02  4.51593E-02  7.63609E-01  7.49232E-01  3.67033E-01  2.38331E-02  5.86207E-01  6.09260E-01  0.00000E+00  0.00000E+00  0.00000E+00  0.00000E+00  0.00000E+00  0.00000E+00  0.00000E+00  0.00000E+00  0.00000E+00
 OMEGA(3,2)   -3.05731E-02  5.85542E-03  4.15193E-02 -7.28431E-02  5.45259E-02 -1.11690E-01 -6.71270E-02  4.86133E-02  9.49642E-02  3.18472E-01  6.53034E-01  7.65946E-01  5.86207E-01  1.04461E-02  7.40871E-01  0.00000E+00  0.00000E+00  0.00000E+00  0.00000E+00  0.00000E+00  0.00000E+00  0.00000E+00  0.00000E+00  0.00000E+00
 OMEGA(3,3)    3.05083E-02  8.53939E-02  6.11022E-02 -1.26846E-01 -3.01098E-02 -1.23884E-01 -5.36962E-02  1.15251E-02  7.98247E-02  3.16791E-01  4.64049E-01  3.73031E-01  6.09260E-01  7.40871E-01  1.47200E-02  0.00000E+00  0.00000E+00  0.00000E+00  0.00000E+00  0.00000E+00  0.00000E+00  0.00000E+00  0.00000E+00  0.00000E+00
 OMEGA(4,1)    0.00000E+00  0.00000E+00  0.00000E+00  0.00000E+00  0.00000E+00  0.00000E+00  0.00000E+00  0.00000E+00  0.00000E+00  0.00000E+00  0.00000E+00  0.00000E+00  0.00000E+00  0.00000E+00  0.00000E+00  0.00000E+00  0.00000E+00  0.00000E+00  0.00000E+00  0.00000E+00  0.00000E+00  0.00000E+00  0.00000E+00  0.00000E+00
 OMEGA(4,2)    0.00000E+00  0.00000E+00  0.00000E+00  0.00000E+00  0.00000E+00  0.00000E+00  0.00000E+00  0.00000E+00  0.00000E+00  0.00000E+00  0.00000E+00  0.00000E+00  0.00000E+00  0.00000E+00  0.00000E+00  0.00000E+00  0.00000E+00  0.00000E+00  0.00000E+00  0.00000E+00  0.00000E+00  0.00000E+00  0.00000E+00  0.00000E+00
 OMEGA(4,3)    0.00000E+00  0.00000E+00  0.00000E+00  0.00000E+00  0.00000E+00  0.00000E+00  0.00000E+00  0.00000E+00  0.00000E+00  0.00000E+00  0.00000E+00  0.00000E+00  0.00000E+00  0.00000E+00  0.00000E+00  0.00000E+00  0.00000E+00  0.00000E+00  0.00000E+00  0.00000E+00  0.00000E+00  0.00000E+00  0.00000E+00  0.00000E+00
 OMEGA(4,4)    0.00000E+00  0.00000E+00  0.00000E+00  0.00000E+00  0.00000E+00  0.00000E+00  0.00000E+00  0.00000E+00  0.00000E+00  0.00000E+00  0.00000E+00  0.00000E+00  0.00000E+00  0.00000E+00  0.00000E+00  0.00000E+00  0.00000E+00  0.00000E+00  0.00000E+00  0.00000E+00  0.00000E+00  0.00000E+00  0.00000E+00  0.00000E+00
 OMEGA(5,1)    0.00000E+00  0.00000E+00  0.00000E+00  0.00000E+00  0.00000E+00  0.00000E+00  0.00000E+00  0.00000E+00  0.00000E+00  0.00000E+00  0.00000E+00  0.00000E+00  0.00000E+00  0.00000E+00  0.00000E+00  0.00000E+00  0.00000E+00  0.00000E+00  0.00000E+00  0.00000E+00  0.00000E+00  0.00000E+00  0.00000E+00  0.00000E+00
 OMEGA(5,2)    0.00000E+00  0.00000E+00  0.00000E+00  0.00000E+00  0.00000E+00  0.00000E+00  0.00000E+00  0.00000E+00  0.00000E+00  0.00000E+00  0.00000E+00  0.00000E+00  0.00000E+00  0.00000E+00  0.00000E+00  0.00000E+00  0.00000E+00  0.00000E+00  0.00000E+00  0.00000E+00  0.00000E+00  0.00000E+00  0.00000E+00  0.00000E+00
 OMEGA(5,3)    0.00000E+00  0.00000E+00  0.00000E+00  0.00000E+00  0.00000E+00  0.00000E+00  0.00000E+00  0.00000E+00  0.00000E+00  0.00000E+00  0.00000E+00  0.00000E+00  0.00000E+00  0.00000E+00  0.00000E+00  0.00000E+00  0.00000E+00  0.00000E+00  0.00000E+00  0.00000E+00  0.00000E+00  0.00000E+00  0.00000E+00  0.00000E+00
 OMEGA(5,4)    0.00000E+00  0.00000E+00  0.00000E+00  0.00000E+00  0.00000E+00  0.00000E+00  0.00000E+00  0.00000E+00  0.00000E+00  0.00000E+00  0.00000E+00  0.00000E+00  0.00000E+00  0.00000E+00  0.00000E+00  0.00000E+00  0.00000E+00  0.00000E+00  0.00000E+00  0.00000E+00  0.00000E+00  0.00000E+00  0.00000E+00  0.00000E+00
 OMEGA(5,5)    0.00000E+00  0.00000E+00  0.00000E+00  0.00000E+00  0.00000E+00  0.00000E+00  0.00000E+00  0.00000E+00  0.00000E+00  0.00000E+00  0.00000E+00  0.00000E+00  0.00000E+00  0.00000E+00  0.00000E+00  0.00000E+00  0.00000E+00  0.00000E+00  0.00000E+00  0.00000E+00  0.00000E+00  0.00000E+00  0.00000E+00  0.00000E+00
