TABLE NO.     1: NUTS Bayesian Analysis: Problem=1 Subproblem=0 Superproblem1=0 Iteration1=0 Superproblem2=0 Iteration2=0
 NAME         THETA1       THETA2       THETA3       THETA4       THETA5       THETA6       THETA7       THETA8       SIGMA(1,1)   OMEGA(1,1)   OMEGA(2,1)   OMEGA(2,2)   OMEGA(3,1)   OMEGA(3,2)   OMEGA(3,3)   OMEGA(4,1)   OMEGA(4,2)   OMEGA(4,3)   OMEGA(4,4)   OMEGA(5,1)   OMEGA(5,2)   OMEGA(5,3)   OMEGA(5,4)   OMEGA(5,5)
 THETA1        5.87461E-02  4.70904E-01  3.92649E-01 -2.02182E-01 -2.45488E-01  9.15266E-03 -8.17616E-02  3.10078E-02 -9.92613E-03  2.07741E-01  3.96019E-02 -8.42468E-02  1.40357E-01 -8.20788E-02 -3.31797E-02  0.00000E+00  0.00000E+00  0.00000E+00  0.00000E+00  0.00000E+00  0.00000E+00  0.00000E+00  0.00000E+00  0.00000E+00
 THETA2        4.70904E-01  2.71614E-02  5.43039E-01 -2.64387E-01 -3.74477E-01 -2.39031E-02 -1.20381E-01  4.61657E-02  4.63704E-02 -1.81191E-01 -1.48645E-01 -9.31804E-02 -5.30699E-02 -1.82621E-02  6.09440E-02  0.00000E+00  0.00000E+00  0.00000E+00  0.00000E+00  0.00000E+00  0.00000E+00  0.00000E+00  0.00000E+00  0.00000E+00
 THETA3        3.92649E-01  5.43039E-01  3.00798E-02 -8.08627E-02  6.68758E-02  1.99278E-01  3.16936E-02  2.92621E-01 -4.32538E-02 -7.78616E-02 -1.12450E-02  3.11297E-02 -4.51401E-02  2.62889E-02 -4.12322E-02  0.00000E+00  0.00000E+00  0.00000E+00  0.00000E+00  0.00000E+00  0.00000E+00  0.00000E+00  0.00000E+00  0.00000E+00
 THETA4       -2.02182E-01 -2.64387E-01 -8.08627E-02  2.47602E-02  2.12872E-01  6.45035E-02  7.72355E-02 -1.07135E-02  7.19163E-02  1.57623E-01  1.33268E-01  3.15510E-02  1.59323E-01  7.43524E-02  8.19890E-02  0.00000E+00  0.00000E+00  0.00000E+00  0.00000E+00  0.00000E+00  0.00000E+00  0.00000E+00  0.00000E+00  0.00000E+00
 THETA5       -2.45488E-01 -3.74477E-01  6.68758E-02  2.12872E-01  3.81966E-02 -6.05445E-03 -3.48398E-03 -5.87449E-02 -3.90362E-02  1.75566E-01  1.80363E-01  1.81259E-01  6.35517E-02  8.82064E-02 -1.11400E-01  0.00000E+00  0.00000E+00  0.00000E+00  0.00000E+00  0.00000E+00  0.00000E+00  0.00000E+00  0.00000E+00  0.00000E+00
 THETA6        9.15266E-03 -2.39031E-02  1.99278E-01  6.45035E-02 -6.05445E-03  4.96133E-02  1.44091E-01  2.12178E-01 -2.81073E-02  2.42720E-02 -1.05736E-02 -1.00828E-01 -2.61048E-02 -5.36251E-02  1.93711E-02  0.00000E+00  0.00000E+00  0.00000E+00  0.00000E+00  0.00000E+00  0.00000E+00  0.00000E+00  0.00000E+00  0.00000E+00
 THETA7       -8.17616E-02 -1.20381E-01  3.16936E-02  7.72355E-02 -3.48398E-03  1.44091E-01  7.44908E-02 -8.92658E-02  4.68315E-02 -2.45850E-02 -4.47951E-02 -2.31838E-02 -4.90286E-02 -5.69291E-02 -2.04209E-02  0.00000E+00  0.00000E+00  0.00000E+00  0.00000E+00  0.00000E+00  0.00000E+00  0.00000E+00  0.00000E+00  0.00000E+00
 THETA8        3.10078E-02  4.61657E-02  2.92621E-01 -1.07135E-02 -5.87449E-02  2.12178E-01 -8.92658E-02  8.51366E-02 -4.75069E-02  1.00070E-02  4.85945E-02  2.40350E-02 -1.85038E-02  2.38227E-02  2.17719E-02  0.00000E+00  0.00000E+00  0.00000E+00  0.00000E+00  0.00000E+00  0.00000E+00  0.00000E+00  0.00000E+00  0.00000E+00
 SIGMA(1,1)   -9.92613E-03  4.63704E-02 -4.32538E-02  7.19163E-02 -3.90362E-02 -2.81073E-02  4.68315E-02 -4.75069E-02  1.12480E-03 -9.71737E-02 -3.46360E-02  1.21589E-02 -2.62717E-02  2.48620E-02 -5.29646E-03  0.00000E+00  0.00000E+00  0.00000E+00  0.00000E+00  0.00000E+00  0.00000E+00  0.00000E+00  0.00000E+00  0.00000E+00
 OMEGA(1,1)    2.07741E-01 -1.81191E-01 -7.78616E-02  1.57623E-01  1.75566E-01  2.42720E-02 -2.45850E-02  1.00070E-02 -9.71737E-02  5.34865E-02  6.36552E-01  1.89667E-01  7.35362E-01  3.01952E-01  2.62415E-01  0.00000E+00  0.00000E+00  0.00000E+00  0.00000E+00  0.00000E+00  0.00000E+00  0.00000E+00  0.00000E+00  0.00000E+00
 OMEGA(2,1)    3.96019E-02 -1.48645E-01 -1.12450E-02  1.33268E-01  1.80363E-01 -1.05736E-02 -4.47951E-02  4.85945E-02 -3.46360E-02  6.36552E-01  1.92090E-02  5.64244E-01  6.78871E-01  5.67709E-01  3.27218E-01  0.00000E+00  0.00000E+00  0.00000E+00  0.00000E+00  0.00000E+00  0.00000E+00  0.00000E+00  0.00000E+00  0.00000E+00
 OMEGA(2,2)   -8.42468E-02 -9.31804E-02  3.11297E-02  3.15510E-02  1.81259E-01 -1.00828E-01 -2.31838E-02  2.40350E-02  1.21589E-02  1.89667E-01  5.64244E-01  1.11541E-02  3.20734E-01  7.47206E-01  3.75475E-01  0.00000E+00  0.00000E+00  0.00000E+00  0.00000E+00  0.00000E+00  0.00000E+00  0.00000E+00  0.00000E+00  0.00000E+00
 OMEGA(3,1)    1.40357E-01 -5.30699E-02 -4.51401E-02  1.59323E-01  6.35517E-02 -2.61048E-02 -4.90286E-02 -1.85038E-02 -2.62717E-02  7.35362E-01  6.78871E-01  3.20734E-01  2.18743E-02  5.24342E-01  5.73911E-01  0.00000E+00  0.00000E+00  0.00000E+00  0.00000E+00  0.00000E+00  0.00000E+00  0.00000E+00  0.00000E+00  0.00000E+00
 OMEGA(3,2)   -8.20788E-02 -1.82621E-02  2.62889E-02  7.43524E-02  8.82064E-02 -5.36251E-02 -5.69291E-02  2.38227E-02  2.48620E-02  3.01952E-01  5.67709E-01  7.47206E-01  5.24342E-01  9.99750E-03  7.20824E-01  0.00000E+00  0.00000E+00  0.00000E+00  0.00000E+00  0.00000E+00  0.00000E+00  0.00000E+00  0.00000E+00  0.00000E+00
 OMEGA(3,3)   -3.31797E-02  6.09440E-02 -4.12322E-02  8.19890E-02 -1.11400E-01  1.93711E-02 -2.04209E-02  2.17719E-02 -5.29646E-03  2.62415E-01  3.27218E-01  3.75475E-01  5.73911E-01  7.20824E-01  1.34352E-02  0.00000E+00  0.00000E+00  0.00000E+00  0.00000E+00  0.00000E+00  0.00000E+00  0.00000E+00  0.00000E+00  0.00000E+00
 OMEGA(4,1)    0.00000E+00  0.00000E+00  0.00000E+00  0.00000E+00  0.00000E+00  0.00000E+00  0.00000E+00  0.00000E+00  0.00000E+00  0.00000E+00  0.00000E+00  0.00000E+00  0.00000E+00  0.00000E+00  0.00000E+00  0.00000E+00  0.00000E+00  0.00000E+00  0.00000E+00  0.00000E+00  0.00000E+00  0.00000E+00  0.00000E+00  0.00000E+00
 OMEGA(4,2)    0.00000E+00  0.00000E+00  0.00000E+00  0.00000E+00  0.00000E+00  0.00000E+00  0.00000E+00  0.00000E+00  0.00000E+00  0.00000E+00  0.00000E+00  0.00000E+00  0.00000E+00  0.00000E+00  0.00000E+00  0.00000E+00  0.00000E+00  0.00000E+00  0.00000E+00  0.00000E+00  0.00000E+00  0.00000E+00  0.00000E+00  0.00000E+00
 OMEGA(4,3)    0.00000E+00  0.00000E+00  0.00000E+00  0.00000E+00  0.00000E+00  0.00000E+00  0.00000E+00  0.00000E+00  0.00000E+00  0.00000E+00  0.00000E+00  0.00000E+00  0.00000E+00  0.00000E+00  0.00000E+00  0.00000E+00  0.00000E+00  0.00000E+00  0.00000E+00  0.00000E+00  0.00000E+00  0.00000E+00  0.00000E+00  0.00000E+00
 OMEGA(4,4)    0.00000E+00  0.00000E+00  0.00000E+00  0.00000E+00  0.00000E+00  0.00000E+00  0.00000E+00  0.00000E+00  0.00000E+00  0.00000E+00  0.00000E+00  0.00000E+00  0.00000E+00  0.00000E+00  0.00000E+00  0.00000E+00  0.00000E+00  0.00000E+00  0.00000E+00  0.00000E+00  0.00000E+00  0.00000E+00  0.00000E+00  0.00000E+00
 OMEGA(5,1)    0.00000E+00  0.00000E+00  0.00000E+00  0.00000E+00  0.00000E+00  0.00000E+00  0.00000E+00  0.00000E+00  0.00000E+00  0.00000E+00  0.00000E+00  0.00000E+00  0.00000E+00  0.00000E+00  0.00000E+00  0.00000E+00  0.00000E+00  0.00000E+00  0.00000E+00  0.00000E+00  0.00000E+00  0.00000E+00  0.00000E+00  0.00000E+00
 OMEGA(5,2)    0.00000E+00  0.00000E+00  0.00000E+00  0.00000E+00  0.00000E+00  0.00000E+00  0.00000E+00  0.00000E+00  0.00000E+00  0.00000E+00  0.00000E+00  0.00000E+00  0.00000E+00  0.00000E+00  0.00000E+00  0.00000E+00  0.00000E+00  0.00000E+00  0.00000E+00  0.00000E+00  0.00000E+00  0.00000E+00  0.00000E+00  0.00000E+00
 OMEGA(5,3)    0.00000E+00  0.00000E+00  0.00000E+00  0.00000E+00  0.00000E+00  0.00000E+00  0.00000E+00  0.00000E+00  0.00000E+00  0.00000E+00  0.00000E+00  0.00000E+00  0.00000E+00  0.00000E+00  0.00000E+00  0.00000E+00  0.00000E+00  0.00000E+00  0.00000E+00  0.00000E+00  0.00000E+00  0.00000E+00  0.00000E+00  0.00000E+00
 OMEGA(5,4)    0.00000E+00  0.00000E+00  0.00000E+00  0.00000E+00  0.00000E+00  0.00000E+00  0.00000E+00  0.00000E+00  0.00000E+00  0.00000E+00  0.00000E+00  0.00000E+00  0.00000E+00  0.00000E+00  0.00000E+00  0.00000E+00  0.00000E+00  0.00000E+00  0.00000E+00  0.00000E+00  0.00000E+00  0.00000E+00  0.00000E+00  0.00000E+00
 OMEGA(5,5)    0.00000E+00  0.00000E+00  0.00000E+00  0.00000E+00  0.00000E+00  0.00000E+00  0.00000E+00  0.00000E+00  0.00000E+00  0.00000E+00  0.00000E+00  0.00000E+00  0.00000E+00  0.00000E+00  0.00000E+00  0.00000E+00  0.00000E+00  0.00000E+00  0.00000E+00  0.00000E+00  0.00000E+00  0.00000E+00  0.00000E+00  0.00000E+00
